"","Point Forecast","Lo 80","Hi 80","Lo 95","Hi 95","kWh","cost","ID"
"Dec 2010",1077396.23542568,957825.670348885,1196966.80050248,894528.836670615,1260263.63418075,1077.39623542568,158.59272585466,1
"Jan 2011",1060750.90829342,941180.343216619,1180321.47337021,877883.509538349,1243618.30704848,1060.75090829342,156.142533700791,2
"Feb 2011",844847.928922468,725277.363845671,964418.493999265,661980.530167401,1027715.32767753,844.847928922468,124.361615137387,3
"Mar 2011",875818.392343203,756247.827266406,995388.95742,692950.993588136,1058685.79109827,875.818392343203,128.92046735292,4
"Apr 2011",779473.736265918,659903.171189121,899044.301342715,596606.337510851,962341.135020985,779.473736265918,114.738533978343,5
"May 2011",764391.932945501,644821.367868704,883962.498022298,581524.534190434,947259.331700567,764.391932945501,112.518492529578,6
"Jun 2011",676015.469311888,556444.904235091,795586.034388685,493148.070556822,858882.868066955,676.015469311888,99.5094770827099,7
"Jul 2011",503723.73825771,384153.173180913,623294.303334507,320856.339502643,686591.137012777,503.72373825771,74.1481342715349,8
"Aug 2011",452293.482511765,332722.917434968,571864.047588562,269426.083756698,635160.881266831,452.293482511765,66.5776006257318,9
"Sep 2011",679005.052613591,559434.487536794,798575.617690388,496137.653858525,861872.451368658,679.005052613591,99.9495437447206,10
"Oct 2011",836684.345327047,717113.78025025,956254.910403844,653816.94657198,1019551.74408211,836.684345327047,123.159935632141,11
"Nov 2011",869073.563693834,749502.998617037,988644.128770631,686206.164938768,1051940.9624489,869.073563693834,127.927628575732,12
