"","Point Forecast","Lo 80","Hi 80","Lo 95","Hi 95","kWh","cost","ID"
"Dec 2010",398454.123278895,319185.913365303,477722.333192487,277223.857773676,519684.388784115,398.454123278895,58.6524469466533,1
"Jan 2011",322569.69829977,243301.488386177,401837.908213362,201339.43279455,443799.963804989,322.56969829977,47.4822595897261,2
"Feb 2011",398284.46085502,319016.250941428,477552.670768613,277054.195349801,519514.72636024,398.28446085502,58.627472637859,3
"Mar 2011",358056.248616819,278788.038703227,437324.458530412,236825.9831116,479286.514122039,358.056248616819,52.7058797963958,4
"Apr 2011",362186.523367953,282918.313454361,441454.733281545,240956.257862734,483416.788873173,362.186523367953,53.3138562397627,5
"May 2011",379426.900304518,300158.690390926,458695.11021811,258196.634799298,500657.165809737,379.426900304518,55.851639724825,6
"Jun 2011",347263.081892971,267994.871979379,426531.291806563,226032.816387751,468493.34739819,347.263081892971,51.1171256546453,7
"Jul 2011",233777.398649138,154509.188735546,313045.60856273,112547.133143918,355007.664154357,233.777398649138,34.4120330811531,8
"Aug 2011",210088.170767082,130819.96085349,289356.380680674,88857.9052618625,331318.436272301,210.088170767082,30.9249787369145,9
"Sep 2011",481910.132103401,402641.922189809,561178.342016994,360679.866598182,603140.397608621,481.910132103401,70.9371714456207,10
"Oct 2011",352371.984939102,273103.77502551,431640.194852694,231141.719433883,473602.250444322,352.371984939102,51.8691561830358,11
"Nov 2011",316648.590047726,237380.380134134,395916.799961319,195418.324542507,437878.855552946,316.648590047726,46.6106724550253,12
